0:
	3323740160
	3.58732e-43 3.58732e-43 -10000 -10000 -10000 -10000 -10000 -10000
1:
	3323740160
	-10000 -10000 -10000 -10000 -10000 -10000 -10000 -10000
2:
	3323740160
	-10000 -10000 -10000 -10000 -10000 -10000 -10000 -10000
3:
	3323740160
	-10000 -10000 -10000 -10000 -10000 -10000 -10000 -10000
4:
	3323740160
	-10000 -10000 -10000 -10000 -10000 -10000 -10000 -10000
5:
	3323740160
	-10000 -10000 -10000 -10000 -10000 -10000 -10000 -10000
6:
	3323740160
	-10000 -10000 -10000 -10000 -10000 -10000 -10000 -10000
7:
	3323740160
	-10000 -10000 -10000 -10000 -10000 -10000 -10000 -10000
8:
	3323740160
	-10000 -10000 -10000 -10000 -10000 -10000 -10000 -10000
9:
	3323740160
	-10000 -10000 -10000 -10000 -10000 -10000 -10000 -10000
10:
	3323740160
	-10000 -10000 -10000 -10000 -10000 -10000 -10000 -10000
11:
	3323740160
	-10000 -10000 -10000 -10000 -10000 -10000 -10000 -10000
12:
	3323740160
	-10000 -10000 -10000 -10000 -10000 -10000 -10000 -10000
13:
	3323740160
	-10000 -10000 -10000 -10000 -10000 -10000 -10000 -10000
14:
	3323740160
	-10000 -10000 -10000 -10000 -10000 -10000 -10000 -10000
15:
	3323740160
	-10000 -10000 -10000 -10000 -10000 -10000 -10000 -10000
16:
	3323740160
	-10000 -10000 -10000 -10000 -10000 -10000 -10000 -10000
17:
	3323740160
	-10000 -10000 -10000 -10000 -10000 -10000 -10000 -10000
18:
	3323740160
	-10000 -10000 -10000 -10000 -10000 -10000 -10000 -10000
19:
	3323740160
	-10000 -10000 -10000 -10000 -10000 -10000 -10000 -10000
20:
	3323740160
	-10000 -10000 -10000 -10000 -10000 -10000 -10000 -10000
21:
	3323740160
	-10000 -10000 -10000 -10000 -10000 -10000 -10000 -10000
22:
	3323740160
	-10000 -10000 -10000 -10000 -10000 -10000 -10000 -10000
23:
	3323740160
	-10000 -10000 -10000 -10000 -10000 -10000 -10000 -10000
24:
	3323740160
	-10000 -10000 -10000 -10000 -10000 -10000 -10000 -10000
25:
	3323740160
	-10000 -10000 -10000 -10000 -10000 -10000 -10000 -10000
26:
	3323740160
	-10000 -10000 -10000 -10000 -10000 -10000 -10000 -10000
27:
	3323740160
	-10000 -10000 -10000 -10000 -10000 -10000 -10000 -10000
28:
	3323740160
	-10000 -10000 -10000 -10000 -10000 -10000 -10000 -10000
29:
	3323740160
	-10000 -10000 -10000 -10000 -10000 -10000 -10000 -10000
30:
	3323740160
	-10000 -10000 -10000 -10000 -10000 -10000 -10000 -10000
31:
	3323740160
	-10000 -10000 -10000 -10000 -10000 -10000 -10000 -10000
32:
	3323740160
	-10000 -10000 -10000 -10000 -10000 -10000 -10000 -10000
33:
	3323740160
	-10000 -10000 -10000 -10000 -10000 -10000 -10000 -10000
34:
	3323740160
	-10000 -10000 -10000 -10000 -10000 -10000 -10000 -10000
35:
	3323740160
	-10000 -10000 -10000 -10000 -10000 -10000 -10000 -10000
36:
	3323740160
	-10000 -10000 -10000 -10000 -10000 -10000 -10000 -10000
37:
	3323740160
	-10000 -10000 -10000 -10000 -10000 -10000 -10000 -10000
38:
	3323740160
	-10000 -10000 -10000 -10000 -10000 -10000 -10000 -10000
39:
	3323740160
	-10000 -10000 -10000 -10000 -10000 -10000 -10000 -10000
40:
	3323740160
	-10000 -10000 -10000 -10000 -10000 -10000 -10000 -10000
41:
	3323740160
	-10000 -10000 -10000 -10000 -10000 -10000 -10000 -10000
42:
	3323740160
	-10000 -10000 -10000 -10000 -10000 -10000 -10000 -10000
43:
	3323740160
	-10000 -10000 -10000 -10000 -10000 -10000 -10000 -10000
44:
	3323740160
	-10000 -10000 -10000 -10000 -10000 -10000 -10000 -10000
45:
	3323740160
	-10000 -10000 -10000 -10000 -10000 -10000 -10000 -10000
46:
	3323740160
	-10000 -10000 -10000 -10000 -10000 -10000 -10000 -10000
47:
	3323740160
	-10000 -10000 -10000 -10000 -10000 -10000 -10000 -10000
48:
	3323740160
	-10000 -10000 -10000 -10000 -10000 -10000 -10000 -10000
49:
	3323740160
	-10000 -10000 -10000 -10000 -10000 -10000 -10000 -10000
50:
	3323740160
	-10000 -10000 -10000 -10000 -10000 -10000 -10000 -10000
51:
	3323740160
	-10000 -10000 -10000 -10000 -10000 -10000 -10000 -10000
52:
	3323740160
	-10000 -10000 -10000 -10000 -10000 -10000 -10000 -10000
53:
	3323740160
	-10000 -10000 -10000 -10000 -10000 -10000 -10000 -10000
54:
	3323740160
	-10000 -10000 -10000 -10000 -10000 -10000 -10000 -10000
55:
	3323740160
	-10000 -10000 -10000 -10000 -10000 -10000 -10000 -10000
56:
	3323740160
	-10000 -10000 -10000 -10000 -10000 -10000 -10000 -10000
57:
	3323740160
	-10000 -10000 -10000 -10000 -10000 -10000 -10000 -10000
58:
	3323740160
	-10000 -10000 -10000 -10000 -10000 -10000 -10000 -10000
59:
	3323740160
	-10000 -10000 -10000 -10000 -10000 -10000 -10000 -10000
60:
	3323740160
	-10000 -10000 -10000 -10000 -10000 -10000 -10000 -10000
61:
	3323740160
	-10000 -10000 -10000 -10000 -10000 -10000 -10000 -10000
62:
	3323740160
	-10000 -10000 -10000 -10000 -10000 -10000 -10000 -10000
63:
	3323740160
	-10000 -10000 -10000 -10000 -10000 -10000 -10000 -10000
64:
	3323740160
	-10000 -10000 -10000 -10000 -10000 -10000 -10000 -10000
65:
	3323740160
	-10000 -10000 -10000 -10000 -10000 -10000 -10000 -10000
66:
	3323740160
	-10000 -10000 -10000 -10000 -10000 -10000 -10000 -10000
67:
	3323740160
	-10000 -10000 -10000 -10000 -10000 -10000 -10000 -10000
68:
	3323740160
	-10000 -10000 -10000 -10000 -10000 -10000 -10000 -10000
69:
	3323740160
	-10000 -10000 -10000 -10000 -10000 -10000 -10000 -10000
70:
	3323740160
	-10000 -10000 -10000 -10000 -10000 -10000 -10000 -10000
71:
	3323740160
	-10000 -10000 -10000 -10000 -10000 -10000 -10000 -10000
72:
	3323740160
	-10000 -10000 -10000 -10000 -10000 -10000 -10000 -10000
73:
	3323740160
	-10000 -10000 -10000 -10000 -10000 -10000 -10000 -10000
74:
	3323740160
	-10000 -10000 -10000 -10000 -10000 -10000 -10000 -10000
75:
	3323740160
	-10000 -10000 -10000 -10000 -10000 -10000 -10000 -10000
76:
	3323740160
	-10000 -10000 -10000 -10000 -10000 -10000 -10000 -10000
77:
	3323740160
	-10000 -10000 -10000 -10000 -10000 -10000 -10000 -10000
78:
	3323740160
	-10000 -10000 -10000 -10000 -10000 -10000 -10000 -10000
79:
	3323740160
	-10000 -10000 -10000 -10000 -10000 -10000 -10000 -10000
80:
	3323740160
	-10000 -10000 -10000 -10000 -10000 -10000 -10000 -10000
81:
	3323740160
	-10000 -10000 -10000 -10000 -10000 -10000 -10000 -10000
82:
	3323740160
	-10000 -10000 -10000 -10000 -10000 -10000 -10000 -10000
83:
	3323740160
	-10000 -10000 -10000 -10000 -10000 -10000 -10000 -10000
84:
	3323740160
	-10000 -10000 -10000 -10000 -10000 -10000 -10000 -10000
85:
	3323740160
	-10000 -10000 -10000 -10000 -10000 -10000 -10000 -10000
86:
	3323740160
	-10000 -10000 -10000 -10000 -10000 -10000 -10000 -10000
87:
	3323740160
	-10000 -10000 -10000 -10000 -10000 -10000 -10000 -10000
88:
	3323740160
	-10000 -10000 -10000 -10000 -10000 -10000 -10000 -10000
89:
	3323740160
	-10000 -10000 -10000 -10000 -10000 -10000 -10000 -10000
90:
	3323740160
	-10000 -10000 -10000 -10000 -10000 -10000 -10000 -10000
91:
	3323740160
	-10000 -10000 -10000 -10000 -10000 -10000 -10000 -10000
92:
	3323740160
	-10000 -10000 -10000 -10000 -10000 -10000 -10000 -10000
93:
	3323740160
	-10000 -10000 -10000 -10000 -10000 -10000 -10000 -10000
94:
	3323740160
	-10000 -10000 -10000 -10000 -10000 -10000 -10000 -10000
95:
	3323740160
	-10000 -10000 -10000 -10000 -10000 -10000 -10000 -10000
96:
	3323740160
	-10000 -10000 -10000 -10000 -10000 -10000 -10000 -10000
97:
	3323740160
	-10000 -10000 -10000 -10000 -10000 -10000 -10000 -10000
98:
	3323740160
	-10000 -10000 -10000 -10000 -10000 -10000 -10000 -10000
99:
	3323740160
	-10000 -10000 -10000 -10000 -10000 -10000 -10000 -10000
100:
	3323740160
	-10000 -10000 -10000 -10000 -10000 -10000 -10000 -10000
101:
	3323740160
	-10000 -10000 -10000 -10000 -10000 -10000 -10000 -10000
102:
	3323740160
	-10000 -10000 -10000 -10000 -10000 -10000 -10000 -10000
103:
	3323740160
	-10000 -10000 -10000 -10000 -10000 -10000 -10000 -10000
104:
	3323740160
	-10000 -10000 -10000 -10000 -10000 -10000 -10000 -10000
105:
	3323740160
	-10000 -10000 -10000 -10000 -10000 -10000 -10000 -10000
106:
	3323740160
	-10000 -10000 -10000 -10000 -10000 -10000 -10000 -10000
107:
	3323740160
	-10000 -10000 -10000 -10000 -10000 -10000 -10000 -10000
108:
	3323740160
	-10000 -10000 -10000 -10000 -10000 -10000 -10000 -10000
109:
	3323740160
	-10000 -10000 -10000 -10000 -10000 -10000 -10000 -10000
110:
	3323740160
	-10000 -10000 -10000 -10000 -10000 -10000 -10000 -10000
111:
	3323740160
	-10000 -10000 -10000 -10000 -10000 -10000 -10000 -10000
112:
	3323740160
	-10000 -10000 -10000 -10000 -10000 -10000 -10000 -10000
113:
	3323740160
	-10000 -10000 -10000 -10000 -10000 -10000 -10000 -10000
114:
	3323740160
	-10000 -10000 -10000 -10000 -10000 -10000 -10000 -10000
115:
	3323740160
	-10000 -10000 -10000 -10000 -10000 -10000 -10000 -10000
116:
	3323740160
	-10000 -10000 -10000 -10000 -10000 -10000 -10000 -10000
117:
	3323740160
	-10000 -10000 -10000 -10000 -10000 -10000 -10000 -10000
118:
	3323740160
	-10000 -10000 -10000 -10000 -10000 -10000 -10000 -10000
119:
	3323740160
	-10000 -10000 -10000 -10000 -10000 -10000 -10000 -10000
120:
	3323740160
	-10000 -10000 -10000 -10000 -10000 -10000 -10000 -10000
121:
	3323740160
	-10000 -10000 -10000 -10000 -10000 -10000 -10000 -10000
122:
	3323740160
	-10000 -10000 -10000 -10000 -10000 -10000 -10000 -10000
123:
	3323740160
	-10000 -10000 -10000 -10000 -10000 -10000 -10000 -10000
124:
	3323740160
	-10000 -10000 -10000 -10000 -10000 -10000 -10000 -10000
125:
	3323740160
	-10000 -10000 -10000 -10000 -10000 -10000 -10000 -10000
126:
	3323740160
	-10000 -10000 -10000 -10000 -10000 -10000 -10000 -10000
127:
	3323740160
	-10000 -10000 -10000 -10000 -10000 -10000 -10000 -10000
128:
	3323740160
	-10000 -10000 -10000 -10000 -10000 -10000 -10000 -10000
129:
	3323740160
	-10000 -10000 -10000 -10000 -10000 -10000 -10000 -10000
130:
	3323740160
	-10000 -10000 -10000 -10000 -10000 -10000 -10000 -10000
131:
	3323740160
	-10000 -10000 -10000 -10000 -10000 -10000 -10000 -10000
132:
	3323740160
	-10000 -10000 -10000 -10000 -10000 -10000 -10000 -10000
133:
	3323740160
	-10000 -10000 -10000 -10000 -10000 -10000 -10000 -10000
134:
	3323740160
	-10000 -10000 -10000 -10000 -10000 -10000 -10000 -10000
135:
	3323740160
	-10000 -10000 -10000 -10000 -10000 -10000 -10000 -10000
136:
	3323740160
	-10000 -10000 -10000 -10000 -10000 -10000 -10000 -10000
137:
	3323740160
	-10000 -10000 -10000 -10000 -10000 -10000 -10000 -10000
138:
	3323740160
	-10000 -10000 -10000 -10000 -10000 -10000 -10000 -10000
139:
	3323740160
	-10000 -10000 -10000 -10000 -10000 -10000 -10000 -10000
140:
	3323740160
	-10000 -10000 -10000 -10000 -10000 -10000 -10000 -10000
141:
	3323740160
	-10000 -10000 -10000 -10000 -10000 -10000 -10000 -10000
142:
	3323740160
	-10000 -10000 -10000 -10000 -10000 -10000 -10000 -10000
143:
	3323740160
	-10000 -10000 -10000 -10000 -10000 -10000 -10000 -10000
144:
	3323740160
	-10000 -10000 -10000 -10000 -10000 -10000 -10000 -10000
145:
	3323740160
	-10000 -10000 -10000 -10000 -10000 -10000 -10000 -10000
146:
	3323740160
	-10000 -10000 -10000 -10000 -10000 -10000 -10000 -10000
147:
	3323740160
	-10000 -10000 -10000 -10000 -10000 -10000 -10000 -10000
148:
	3323740160
	-10000 -10000 -10000 -10000 -10000 -10000 -10000 -10000
149:
	3323740160
	-10000 -10000 -10000 -10000 -10000 -10000 -10000 -10000
150:
	3323740160
	-10000 -10000 -10000 -10000 -10000 -10000 -10000 -10000
151:
	3323740160
	-10000 -10000 -10000 -10000 -10000 -10000 -10000 -10000
152:
	3323740160
	-10000 -10000 -10000 -10000 -10000 -10000 -10000 -10000
153:
	3323740160
	-10000 -10000 -10000 -10000 -10000 -10000 -10000 -10000
154:
	3323740160
	-10000 -10000 -10000 -10000 -10000 -10000 -10000 -10000
155:
	3323740160
	-10000 -10000 -10000 -10000 -10000 -10000 -10000 -10000
156:
	3323740160
	-10000 -10000 -10000 -10000 -10000 -10000 -10000 -10000
157:
	3323740160
	-10000 -10000 -10000 -10000 -10000 -10000 -10000 -10000
158:
	3323740160
	-10000 -10000 -10000 -10000 -10000 -10000 -10000 -10000
159:
	3323740160
	-10000 -10000 -10000 -10000 -10000 -10000 -10000 -10000
160:
	3323740160
	-10000 -10000 -10000 -10000 -10000 -10000 -10000 -10000
161:
	3323740160
	-10000 -10000 -10000 -10000 -10000 -10000 -10000 -10000
162:
	3323740160
	-10000 -10000 -10000 -10000 -10000 -10000 -10000 -10000
163:
	3323740160
	-10000 -10000 -10000 -10000 -10000 -10000 -10000 -10000
164:
	3323740160
	-10000 -10000 -10000 -10000 -10000 -10000 -10000 -10000
165:
	3323740160
	-10000 -10000 -10000 -10000 -10000 -10000 -10000 -10000
166:
	3323740160
	-10000 -10000 -10000 -10000 -10000 -10000 -10000 -10000
167:
	3323740160
	-10000 -10000 -10000 -10000 -10000 -10000 -10000 -10000
168:
	3323740160
	-10000 -10000 -10000 -10000 -10000 -10000 -10000 -10000
169:
	3323740160
	-10000 -10000 -10000 -10000 -10000 -10000 -10000 -10000
170:
	3323740160
	-10000 -10000 -10000 -10000 -10000 -10000 -10000 -10000
171:
	3323740160
	-10000 -10000 -10000 -10000 -10000 -10000 -10000 -10000
172:
	3323740160
	-10000 -10000 -10000 -10000 -10000 -10000 -10000 -10000
173:
	3323740160
	-10000 -10000 -10000 -10000 -10000 -10000 -10000 -10000
174:
	3323740160
	-10000 -10000 -10000 -10000 -10000 -10000 -10000 -10000
175:
	3323740160
	-10000 -10000 -10000 -10000 -10000 -10000 -10000 -10000
176:
	3323740160
	-10000 -10000 -10000 -10000 -10000 -10000 -10000 -10000
177:
	3323740160
	-10000 -10000 -10000 -10000 -10000 -10000 -10000 -10000
178:
	3323740160
	-10000 -10000 -10000 -10000 -10000 -10000 -10000 -10000
179:
	3323740160
	-10000 -10000 -10000 -10000 -10000 -10000 -10000 -10000
180:
	3323740160
	-10000 -10000 -10000 -10000 -10000 -10000 -10000 -10000
181:
	3323740160
	-10000 -10000 -10000 -10000 -10000 -10000 -10000 -10000
182:
	3323740160
	-10000 -10000 -10000 -10000 -10000 -10000 -10000 -10000
183:
	3323740160
	-10000 -10000 -10000 -10000 -10000 -10000 -10000 -10000
184:
	3323740160
	-10000 -10000 -10000 -10000 -10000 -10000 -10000 -10000
185:
	3323740160
	-10000 -10000 -10000 -10000 -10000 -10000 -10000 -10000
186:
	3323740160
	-10000 -10000 -10000 -10000 -10000 -10000 -10000 -10000
187:
	3323740160
	-10000 -10000 -10000 -10000 -10000 -10000 -10000 -10000
188:
	3323740160
	-10000 -10000 -10000 -10000 -10000 -10000 -10000 -10000
189:
	3323740160
	-10000 -10000 -10000 -10000 -10000 -10000 -10000 -10000
190:
	3323740160
	-10000 -10000 -10000 -10000 -10000 -10000 -10000 -10000
191:
	3323740160
	-10000 -10000 -10000 -10000 -10000 -10000 -10000 -10000
192:
	3323740160
	-10000 -10000 -10000 -10000 -10000 -10000 -10000 -10000
193:
	3323740160
	-10000 -10000 -10000 -10000 -10000 -10000 -10000 -10000
194:
	3323740160
	-10000 -10000 -10000 -10000 -10000 -10000 -10000 -10000
195:
	3323740160
	-10000 -10000 -10000 -10000 -10000 -10000 -10000 -10000
196:
	3323740160
	-10000 -10000 -10000 -10000 -10000 -10000 -10000 -10000
197:
	3323740160
	-10000 -10000 -10000 -10000 -10000 -10000 -10000 -10000
198:
	3323740160
	-10000 -10000 -10000 -10000 -10000 -10000 -10000 -10000
199:
	3323740160
	-10000 -10000 -10000 -10000 -10000 -10000 -10000 -10000
200:
	3323740160
	-10000 -10000 -10000 -10000 -10000 -10000 -10000 -10000
201:
	3323740160
	-10000 -10000 -10000 -10000 -10000 -10000 -10000 -10000
202:
	3323740160
	-10000 -10000 -10000 -10000 -10000 -10000 -10000 -10000
203:
	3323740160
	-10000 -10000 -10000 -10000 -10000 -10000 -10000 -10000
204:
	3323740160
	-10000 -10000 -10000 -10000 -10000 -10000 -10000 -10000
205:
	3323740160
	-10000 -10000 -10000 -10000 -10000 -10000 -10000 -10000
206:
	3323740160
	-10000 -10000 -10000 -10000 -10000 -10000 -10000 -10000
207:
	3323740160
	-10000 -10000 -10000 -10000 -10000 -10000 -10000 -10000
208:
	3323740160
	-10000 -10000 -10000 -10000 -10000 -10000 -10000 -10000
209:
	3323740160
	-10000 -10000 -10000 -10000 -10000 -10000 -10000 -10000
210:
	3323740160
	-10000 -10000 -10000 -10000 -10000 -10000 -10000 -10000
211:
	3323740160
	-10000 -10000 -10000 -10000 -10000 -10000 -10000 -10000
212:
	3323740160
	-10000 -10000 -10000 -10000 -10000 -10000 -10000 -10000
213:
	3323740160
	-10000 -10000 -10000 -10000 -10000 -10000 -10000 -10000
214:
	3323740160
	-10000 -10000 -10000 -10000 -10000 -10000 -10000 -10000
215:
	3323740160
	-10000 -10000 -10000 -10000 -10000 -10000 -10000 -10000
216:
	3323740160
	-10000 -10000 -10000 -10000 -10000 -10000 -10000 -10000
217:
	3323740160
	-10000 -10000 -10000 -10000 -10000 -10000 -10000 -10000
218:
	3323740160
	-10000 -10000 -10000 -10000 -10000 -10000 -10000 -10000
219:
	3323740160
	-10000 -10000 -10000 -10000 -10000 -10000 -10000 -10000
220:
	3323740160
	-10000 -10000 -10000 -10000 -10000 -10000 -10000 -10000
221:
	3323740160
	-10000 -10000 -10000 -10000 -10000 -10000 -10000 -10000
222:
	3323740160
	-10000 -10000 -10000 -10000 -10000 -10000 -10000 -10000
223:
	3323740160
	-10000 -10000 -10000 -10000 -10000 -10000 -10000 -10000
224:
	3323740160
	-10000 -10000 -10000 -10000 -10000 -10000 -10000 -10000
225:
	3323740160
	-10000 -10000 -10000 -10000 -10000 -10000 -10000 -10000
226:
	3323740160
	-10000 -10000 -10000 -10000 -10000 -10000 -10000 -10000
227:
	3323740160
	-10000 -10000 -10000 -10000 -10000 -10000 -10000 -10000
228:
	3323740160
	-10000 -10000 -10000 -10000 -10000 -10000 -10000 -10000
229:
	3323740160
	-10000 -10000 -10000 -10000 -10000 -10000 -10000 -10000
230:
	3323740160
	-10000 -10000 -10000 -10000 -10000 -10000 -10000 -10000
231:
	3323740160
	-10000 -10000 -10000 -10000 -10000 -10000 -10000 -10000
232:
	3323740160
	-10000 -10000 -10000 -10000 -10000 -10000 -10000 -10000
233:
	3323740160
	-10000 -10000 -10000 -10000 -10000 -10000 -10000 -10000
234:
	3323740160
	-10000 -10000 -10000 -10000 -10000 -10000 -10000 -10000
235:
	3323740160
	-10000 -10000 -10000 -10000 -10000 -10000 -10000 -10000
236:
	3323740160
	-10000 -10000 -10000 -10000 -10000 -10000 -10000 -10000
237:
	3323740160
	-10000 -10000 -10000 -10000 -10000 -10000 -10000 -10000
238:
	3323740160
	-10000 -10000 -10000 -10000 -10000 -10000 -10000 -10000
239:
	3323740160
	-10000 -10000 -10000 -10000 -10000 -10000 -10000 -10000
240:
	3323740160
	-10000 -10000 -10000 -10000 -10000 -10000 -10000 -10000
241:
	3323740160
	-10000 -10000 -10000 -10000 -10000 -10000 -10000 -10000
242:
	3323740160
	-10000 -10000 -10000 -10000 -10000 -10000 -10000 -10000
243:
	3323740160
	-10000 -10000 -10000 -10000 -10000 -10000 -10000 -10000
244:
	3323740160
	-10000 -10000 -10000 -10000 -10000 -10000 -10000 -10000
245:
	3323740160
	-10000 -10000 -10000 -10000 -10000 -10000 -10000 -10000
246:
	3323740160
	-10000 -10000 -10000 -10000 -10000 -10000 -10000 -10000
247:
	3323740160
	-10000 -10000 -10000 -10000 -10000 -10000 -10000 -10000
248:
	3323740160
	-10000 -10000 -10000 -10000 -10000 -10000 -10000 -10000
249:
	3323740160
	-10000 -10000 -10000 -10000 -10000 -10000 -10000 -10000
250:
	3323740160
	-10000 -10000 -10000 -10000 -10000 -10000 -10000 -10000
251:
	3323740160
	-10000 -10000 -10000 -10000 -10000 -10000 -10000 -10000
252:
	3323740160
	-10000 -10000 -10000 -10000 -10000 -10000 -10000 -10000
253:
	3323740160
	-10000 -10000 -10000 -10000 -10000 -10000 -10000 -10000
254:
	3323740160
	-10000 -10000 -10000 -10000 -10000 -10000 -10000 -10000
255:
	3323740160
	-10000 -10000 -10000 -10000 -10000 -10000 -10000 -10000
